Number of rows in the data, by year:

> table(year)
year
  2005   2006   2007   2008   2009   2010   2011   2012   2013   2014 
126982 152454 119685 123862 131107 119084 117450 101659  94847  19919 

Number of rows in the data, by week:

> table(week)
week
    1     2     3     4     5     6     7     8     9    10    11    12    13 
24626 23933 23965 24194 24438 23690 23662 23639 21218 20576 20175 19923 20089 
   14    15    16    17    18    19    20    21    22    23    24    25    26 
18976 18341 17963 18766 19235 21434 21377 21505 21911 22113 21565 21704 21831 
   27    28    29    30    31    32    33    34    35    36    37    38    39 
22065 21530 21194 21253 21830 21186 20706 21206 21803 21495 20672 20696 21154 
   40    41    42    43    44    45    46    47    48    49    50    51    52 
21420 21002 20981 20807 21507 20670 20138 20139 20577 20734 19943 19610 19578 
   53 
 2304 
